0
0
0
0
0
0
0
2
3
4
4
6
11
38
38
13
11
13
15
17
18
17
16
17
16
17
17
16
17
16
13
9
6
7
6
6
7
6
8
7
8
9
9
12
38
38
38
38
38
38
16
6
4
4
3
2
0
0
0
0
0
0
16
21
24
28
30
26
20
18
15
15
14
13
13
13
13
12
12
13
13
14
14
14
17
19
18
17
16
15
14
12
9
0
0
0
0
0
2
4
4
4
7
38
38
38
38
38
38
38
9
7
7
7
5
3
3
3
3
3
3
5
7
7
7
10
38
38
38
38
38
38
38
6
4
4
4
2
0
0
0
0
2
2
4
4
4
7
38
38
38
38
38
38
38
9
8
8
8
7
7
7
6
8
8
10
9
12
18
18
17
16
15
13
11
7
2
2
4
4
4
6
11
38
38
38
38
38
38
10
6
4
4
2
2
0
0
0
0
0
0
0
0
0
0
0
0
0
0
0
0
0
0
0
0
0
0
0
0
0
0
14
19
23
26
29
31
26
19
15
15
12
11
10
11
10
10
10
9
9
9
10
12
15
16
16
16
15
14
12
10
4
0
0
0
0
0
0
9
17
22
26
28
30
23
19
16
15
15
14
12
13
13
12
12
12
13
13
13
13
15
19
18
18
17
16
15
14
12
5
0
0
0
0
0
2
4
4
4
7
38
38
38
38
38
38
38
9
7
7
7
5
3
3
3
3
3
3
5
7
7
7
10
38
38
38
38
38
38
38
6
4
4
4
2
0
0
0
0
0
3
3
3
4
5
11
43
45
46
46
47
45
45
3
2
2
2
1
0
0
0
0
0
0
0
0
0
0
0
0
0
0
0
0
0
0
0
0
0
0
0
0
0
0
2
4
4
4
6
38
38
38
11
12
13
16
17
17
17
17
16
17
16
16
17
16
15
12
7
7
6
7
6
6
7
7
9
8
8
10
14
38
38
38
38
38
38
10
6
4
4
2
2
0
0
0
0
0
10
14
15
16
17
18
19
20
18
15
15
15
14
13
13
13
14
14
14
14
15
16
18
19
23
28
30
27
24
20
15
0
0
0
0
0
2
2
2
2
4
7
38
38
38
38
38
38
38
7
7
5
5
5
3
3
3
3
3
5
5
5
5
7
10
38
38
38
39
39
39
40
8
8
7
10
12
0
0
0
2
2
4
4
4
6
11
38
38
38
38
38
38
8
6
5
5
4
4
3
3
3
3
3
3
3
3
4
4
6
8
9
2
0
0
0
2
3
4
4
5
8
43
43
46
46
47
47
45
6
3
2
2
1
1
0
0
0
0
0
0
0
0
0
0
0
0
0
0
0
0
0
0
0
0
0
0
0
0
0
0
14
19
23
26
29
31
26
19
15
15
12
11
10
11
10
10
10
9
9
9
10
12
15
16
16
16
15
14
12
10
4
0
0
0
1
1
1
2
3
4
6
8
11
14
16
20
22
24
22
22
22
25
38
35
33
30
28
28
30
11
10
9
11
10
11
12
12
12
9
7
5
3
2
1
1
1
0
0
2
2
4
4
6
8
38
41
44
46
47
48
30
18
15
12
10
8
7
6
6
6
6
7
9
11
13
18
21
47
47
46
45
43
38
16
6
4
4
3
2
0
0
0
0
0
9
17
22
26
28
30
23
19
16
15
15
14
12
13
13
12
12
12
13
13
13
13
15
19
18
18
17
16
15
14
12
5
0
0
0
0
0
2
4
4
4
7
38
38
38
11
12
14
16
18
18
16
17
17
16
17
17
16
17
14
11
6
6
7
6
7
6
6
8
8
9
8
9
38
38
38
38
38
38
38
8
4
4
4
2
2
0
0
0
0
2
3
4
4
5
8
43
43
46
46
47
47
45
6
3
2
2
1
1
0
0
0
0
2
3
4
4
6
11
38
38
38
38
38
38
13
9
7
7
5
5
3
3
3
3
3
5
6
7
7
9
14
38
38
38
38
38
38
10
6
4
4
2
2
0
0
0
0
0
0
0
0
0
0
0
0
0
0
0
0
0
